1.0000000000000002 0.0 0.0 0.0 2.168404344971009e-19 1.0000000000000002 9.791700870259712e-19 8.673617379884035e-19 -8.673617379884035e-19 1.6601845766184287e-19 1.0000000000000002 0.0
0.9999991034359663 -0.00021369544943106904 0.001322473093574971 1.3108280526873806 0.0002148955119230338 0.9999995955424004 -0.0009073157099689812 -0.003942406356058893 -0.001322279451633759 0.0009075998350035979 0.999998701021634 0.01013586052085011
0.9999626980887877 -0.007671478777968748 0.003968918985822662 2.5887458105600007 0.007647334173493106 0.9999524063554867 0.006063315161992119 0.005999651873459343 -0.0040152453422513555 -0.0060327362832323685 0.9999737287064809 0.03289285926535283
0.9999882525023039 -0.004326864293405439 0.002185080396582767 3.89651874646081 0.004308980740831927 0.9999577467095595 0.008123913303248728 0.030999228874752163 -0.0022201398797048995 -0.008114401253994276 0.9999646002117115 0.0413250106966505
0.9999476693258332 -0.009574723134358639 0.0036034372894894508 5.190969514121633 0.009551492494075246 0.9999338697124381 0.006409811220911912 0.026682510963235626 -0.003664571832967697 -0.006375056514617147 0.9999729515207303 0.03576514496111939
0.9999918896915875 -0.0030338459633653812 0.0026491136787914144 6.426393773979809 0.0030271176969605103 0.9999922221866323 0.00254019911281853 0.04451975901323758 -0.002656800368717659 -0.002532158433860916 0.9999932518726468 0.049905138894396156
0.9999693644176872 0.003772653078555267 0.006858482951799547 7.674547672506801 -0.0038316799591830335 0.9999555902335477 0.00861372603527744 0.03810707196970522 -0.00682568231198444 -0.008639740499943375 0.9999393677370811 0.06350089196874666
0.9999416957340924 0.003941892788726643 0.010053262516934235 8.718587214119532 -0.0041086201151240365 0.9998534998344297 0.016618020232118825 0.038833608445221046 -0.009986283663565581 -0.01665835485513555 0.9998113559854556 0.06164574156455441
0.9999216025663715 0.0034300561989077673 0.012042628829961141 9.958303688651345 -0.003608158856779729 0.9998840103486375 0.014798902852345346 0.047149111352755624 -0.01199047125819811 -0.014841192941378926 0.9998179543279103 0.057689561874376155
0.9999067684385861 0.011561984550189761 0.007264737953259182 11.205281435178708 -0.011627619661715737 0.9998913964251299 0.009058383015167678 0.03651483223582391 -0.007159216627561244 -0.0091420089218979 0.9999325694743201 0.0513891956909798
0.9999385968312708 0.010476749330836945 0.0036113382744585353 12.425809467546163 -0.010517141581736235 0.999880268246141 0.01135338679946462 0.024108340870298648 -0.003491959990390069 -0.011390669345962516 0.9999290140168154 0.04147793218656354
0.9999388557220974 0.009195153899157668 0.006142917508633361 13.61811203552082 -0.009301290137273283 0.9998040027385058 0.017478632574877088 0.014894253404124999 -0.005980995382335735 -0.01753469936843589 0.9998283533775482 0.04648296918071228
0.9999312096075597 0.011112278869027385 0.0037543021540663 15.008067772709508 -0.011183491633674247 0.9997471049917365 0.01951194665749493 0.004844125965566852 -0.003536531211168234 -0.019552588996762293 0.9998025622171012 0.05324028695284848
0.9998315183395903 0.01431860341859626 0.011485382207615129 16.48343351614962 -0.014507837470707633 0.9997575540069126 0.01656551674057252 -0.008750141490026335 -0.011245402916277679 -0.01672935230673141 0.9997968013001504 0.06782989228279952
0.9998092301616013 0.018542984429975738 0.006136976915421819 17.937947344022636 -0.01862812752255665 0.9997267991459835 0.01412021321273198 -0.03369453396544207 -0.0058734699914472655 -0.014231838497249434 0.9998814586382789 0.0747665522324299
0.9998278742497158 0.0167834191116082 0.007908235567001763 19.329027463598244 -0.01692104755167748 0.9997007088424726 0.01767007007497793 -0.061146968086812595 -0.007609305029848653 -0.017800842679657265 0.9998125837786905 0.08054072247537933
0.9998852621902267 0.012068417558644386 0.009155174819539601 20.49312705517093 -0.012275324979368648 0.9996626340979576 0.022890934271600098 -0.0764753290987433 -0.008875829283085866 -0.02300068877867152 0.9996960348904104 0.10731534270166648
0.9999595910584584 0.007621860260307347 0.0047670714214594935 21.817709007448006 -0.0077197372919610915 0.9997525899741487 0.02086204647122916 -0.09441258061227938 -0.00460688504150168 -0.020898002302072526 0.9997709859339595 0.10907340520593325
0.9999459447283099 0.010395265171655533 0.00021807563570982406 23.151611820954788 -0.010397537425206068 0.9997603936403936 0.019264137933986233 -0.09500788721487588 -1.7768408975682784e-05 -0.019265362434354887 0.9998143926249117 0.11898889274846679
0.9999668016056797 0.00804625884213299 0.0012864208940577676 24.575105894270113 -0.008071278142422405 0.9997511713978153 0.020796880647991102 -0.10157718232317621 -0.0011187645085277151 -0.02080657159519438 0.9997828810045674 0.1340992258778859
0.9999942952235784 0.003282072059665007 0.0007993727904144043 25.81113081855192 -0.003297388166109213 0.9997950053904673 0.019978361154022947 -0.11739332366707722 -0.0007336393131211555 -0.019980881365913385 0.9998000801953179 0.14030009216425263
0.9999681530656805 0.0060393367564637495 -0.005217349855769279 27.101824527893235 -0.005893593040287382 0.9996041253545976 0.027512154077580928 -0.12895769588114425 0.0053814385215246 -0.02748052697801403 0.9996078405864042 0.1496708738273439
0.9999737973785167 0.0013605684708544081 -0.007110195734948533 28.41023947529156 -0.0011496961118769326 0.9995618405111338 0.029578128400701745 -0.1369814671014428 0.00714732224929241 -0.029569176731260135 0.9995371697828275 0.17618183062331622
0.9999394645611289 0.0063935994011083816 -0.008954918953560726 29.680287748849235 -0.006116640718143053 0.9995123728753623 0.030621294261206744 -0.13399093406718382 0.009146331334393775 -0.030564664445861922 0.9994909304820119 0.19287588884231785
0.999985865383208 0.0007263429415694121 -0.005267156091459627 30.895276323106682 -0.0005550990364255215 0.999473543772978 0.03244052480753947 -0.12944778864324843 0.005287945037736559 -0.032437140273031094 0.9994597759657714 0.21577887108977015
0.9999989225488465 0.0003196802899929693 -0.0014332408109014407 32.07420548129709 -0.0002665808801038649 0.9993190768784984 0.03689677503771719 -0.13121618358324091 0.0014440591518992845 -0.036896350805917306 0.9993180415642146 0.23327264095791797
0.999985229549927 0.0010605453845953902 -0.005330797222797589 33.36258285353318 -0.0008450175652569135 0.9991884443814737 0.040271566230889254 -0.13448409335866163 0.0053691797314507 -0.04026646423456337 0.9991745382926962 0.2450462214727765
0.9999788367195718 -0.00326611722421239 -0.005626727718073332 34.476241476026225 0.003496020151491694 0.9991388102212085 0.04134581284352772 -0.13266669109237136 0.005486840687839812 -0.04136460638232709 0.999129039775877 0.27224990754618533
0.9999795593380956 -0.006378441103468041 -0.0004448242816578133 35.90332746144204 0.006392556396437678 0.9987856079230375 0.0488518691082599 -0.12801169916905342 0.00013268447951495475 -0.0488537111754271 0.9988059228421614 0.29171543516965504
0.9999398131619294 -0.010668177043105702 -0.002561547545265062 37.18331039196628 0.010798201626205636 0.9982765025909287 0.05768434539203123 -0.1276212005160515 0.0019417449984045648 -0.0577085303362118 0.9983315728545105 0.30654108959007614
0.9999279508135582 -0.011752524150972837 0.002443937692182598 38.4921119281427 0.011606037659509771 0.9985187163723821 0.05315762815194261 -0.11567614004203189 -0.0030650545326717992 -0.05312543063084889 0.9985831303734124 0.32654079463146324
0.9999281373978867 -0.011893190726598942 0.0015078222369134166 39.60898118916398 0.01179853393995864 0.9985730337401261 0.05208407982054044 -0.10959551987395173 -0.002125117258387195 -0.05206254375333498 0.9986415521196458 0.34833556025096857
0.9998918187040423 -0.012773028004503783 0.007293978193218627 40.89147766717747 0.012345332928315697 0.9983576257227774 0.055943761072273376 -0.09484995499971953 -0.007996570457631167 -0.05584765917001758 0.9984072656143437 0.3660893419830147
0.9997615490089853 -0.020738889787653893 0.006837034963672892 42.11859064529296 0.020308237260228887 0.9981118290706519 0.05796906636702202 -0.08123607075038443 -0.008026340023549213 -0.05781639212010022 0.9982949548472165 0.3835012514672719
0.9997536369379435 -0.021978288393525513 0.0031018933267604448 43.47868930987907 0.021780392110225165 0.9983226203306205 0.05364345945754101 -0.05721485526896673 -0.004275682331808431 -0.053562680085704584 0.9985553224774274 0.3933060708382869
0.9997152966860078 -0.023470934921978263 0.0042944451865804594 44.892617132855634 0.023217835880877502 0.9983931070016635 0.05169329236388277 -0.032988176218874496 -0.0055008349542038214 -0.05157886432246518 0.99865376170892 0.40756800915162056
0.9996254704701523 -0.026555967400693888 0.006610662319663469 46.28148520488028 0.02619148535867885 0.9983967811299062 0.05017901962964976 -0.002671959319477852 -0.007932616862013239 -0.04998708004068215 0.998718348496758 0.4041085562666583
0.9995422609908281 -0.028490326319431332 0.010176997254600442 47.65424201827599 0.027907188418192928 0.9981799963418279 0.0534597439618292 0.05562145864373538 -0.011681560938323874 -0.05315125883240929 0.9985181315449105 0.4015015457553386
0.999235125336319 -0.03859633527701262 0.006284001182380134 49.05951629584738 0.038176549247454505 0.9976449288644124 0.056984274019440256 0.09066977200823056 -0.008468586496343017 -0.05670078340831436 0.9983552866635215 0.3984907197751397
0.9992344180978815 -0.03810896529996613 0.008847933426465813 50.47810932466174 0.03753654293736727 0.9976268075134147 0.05772193137575683 0.15072044610504676 -0.01102665898363377 -0.057345616345810854 0.9982934775320044 0.40179734760573604
0.9988681026968513 -0.04581778150133081 0.01277676745713447 51.7586431000147 0.0449732650314071 0.9971854363462597 0.059988927796541 0.2084480763038915 -0.015489366142614742 -0.05934641011697326 0.9981172563121493 0.4046005598518351
0.9985879757233135 -0.04872122284610725 0.02117306446313321 53.13101215091454 0.04720864068647186 0.9966445368730837 0.0668660740018126 0.27342845804053634 -0.024359815651623686 -0.06577210218072306 0.9975372695601464 0.3851443878641049
0.9987108565703902 -0.047755827404222025 0.017204865327590402 54.42232131633525 0.04667152754210185 0.9971839130741391 0.058703258085718586 0.33208034235595485 -0.019959837519365815 -0.057824600460529965 0.9981271936347318 0.3722736982512676
0.9986255343564344 -0.05004170614740312 0.01558432708677488 55.68599628572481 0.0490355720044975 0.9970318927053912 0.05935468046701313 0.38509968487682417 -0.018508280598913046 -0.05850890971335778 0.9981152865469956 0.36031066704718395
0.9987401246759675 -0.04504993643345627 0.022105837761532274 57.058722283683224 0.04376520232208368 0.997498329404468 0.055513515361996744 0.46297991269668526 -0.02455141630318669 -0.05447610558092423 0.9982131816819534 0.3421036841054486
0.9985111245089949 -0.04809809252373661 0.02573148268027221 58.40337124229388 0.046743769836461675 0.9976107311716258 0.05087150007159491 0.5242447239212628 -0.028116824936806856 -0.049592969238815246 0.9983736553830515 0.30941664642492106
0.9984460258797292 -0.04606532173872214 0.03136113855790245 59.77991714289126 0.04448293851216528 0.997787488031126 0.04941110600566025 0.6097288256498014 -0.03356788949038801 -0.04793928390248517 0.9982860291817386 0.28812889541904024
0.9982547235082815 -0.05050496347739756 0.030606488382631063 61.106149764312306 0.04911257748060474 0.9977945659667982 0.04465444375630034 0.6741686389236512 -0.03279425820396804 -0.04307334315798377 0.9985335236953294 0.2524133227724005
0.9980781025621747 -0.05299746134893847 0.03211497703598553 62.51992127604216 0.05161468714489965 0.9977642256449039 0.0424562666870693 0.7454389722472254 -0.034293248840235914 -0.040717062990565954 0.9985820287141006 0.21504174606076795
0.9972682588578415 -0.06485830485575325 0.03534715885969167 63.946150441081 0.06312645891984947 0.9968463837181551 0.04808739896398205 0.8360674000660671 -0.038354553771361884 -0.0457246928231935 0.9982174887651434 0.17852284297227083
0.9966250307425116 -0.07183804410456233 0.039722097002595214 65.33714480988472 0.07000012958163777 0.9964917419252524 0.04587211157309029 0.9245148514478378 -0.04287810331062207 -0.04293673994313062 0.9981572415330684 0.13007668618693055
0.996878663255009 -0.06792295045677976 0.040241831739091335 66.64212830941253 0.0660108871941027 0.9967077454297462 0.047077526050584906 1.0250713420336506 -0.043306988739944347 -0.044274179441495455 0.9980802953502416 0.08031786880072302
0.9972275753472525 -0.06559122023493212 0.03514194457763406 68.05109823220195 0.06368197144558006 0.9965649896543113 0.052942311953204396 1.1184040892277813 -0.03849378157657329 -0.050557622015855196 0.9979790227461706 0.02629798060436797
0.9971336684718768 -0.05891886917258647 0.04746594072391183 69.20802194764099 0.05678437735170416 0.9973660397031678 0.045128459118850536 1.1934011581427184 -0.049999833698915114 -0.042303779415997576 0.9978528854909264 -0.006036616932842409
0.9970703495514339 -0.058357005004819565 0.049448756160431845 70.44863125653596 0.055860563900571265 0.9971633426125768 0.050447259957964015 1.2687916022377277 -0.05225243648418768 -0.04753722879965133 0.9975018140158344 -0.050580717954410756
0.9969278525783967 -0.05670081734454382 0.05403587270926952 71.7832970136906 0.053512478895318426 0.9968386772197082 0.05872926602796822 1.339137536986446 -0.05719504354597583 -0.0556572442949389 0.9968103994023297 -0.0977464591883315
0.9964423938431127 -0.06558496616545834 0.05292607522618597 73.061781208355 0.06204485802143557 0.9958910121070448 0.06596656792913358 1.4061217531860437 -0.05703501603568674 -0.06244809046130778 0.9964171903118241 -0.16818451350689542
0.9972857976188914 -0.05400540544781269 0.050044535402323856 74.43510703648462 0.050569096465104615 0.9964329869393697 0.06755834151777426 1.4919271421403135 -0.05351453996630553 -0.06484426389564736 0.9964594270001117 -0.2270785534912994
0.9975802205154761 -0.05511121784584452 0.04238465261633344 75.67622116376555 0.05230134371111458 0.9965288958055638 0.06476719661525365 1.5556963655840725 -0.04580692894018995 -0.06239369643116703 0.9969998626439667 -0.28610809166347173
0.9979641231630609 -0.051936312210243134 0.03701661555232005 76.97857155770195 0.04958723781968517 0.996857385093136 0.061777990559199136 1.6121161117355443 -0.04010880662976422 -0.05981666301011462 0.9974032407519213 -0.324641236350425
0.998486354786987 -0.04365698508504059 0.033452480192726994 78.47552850899362 0.04147960517673269 0.9971367069917082 0.06322887323808737 1.6859312260040304 -0.03611707713780419 -0.06174556795791287 0.9974382265493644 -0.3742598561460176
0.9982564420226405 -0.04333993220528551 0.04007153241772532 79.76560958033873 0.04065499843329842 0.9970207615141574 0.06555023035017843 1.7405275226095678 -0.0427930912349281 -0.0638068280170889 0.9970443391576532 -0.3960643445344431
0.9988118265192354 -0.03306651913083405 0.03579863113924851 81.07059650099758 0.030618140638982806 0.9972894407178413 0.06690561548442658 1.7930108710153922 -0.03791393179347945 -0.06573002878914429 0.9971168794563166 -0.44560604340176824
0.9987900816105002 -0.037841781082070695 0.03140659094190388 82.33171456247021 0.03546112213001579 0.9966883521059481 0.07317716912024462 1.84153049482695 -0.03407173710175156 -0.07197491378865986 0.9968243088535456 -0.48152459703977823
0.9983489952418181 -0.04343251331570705 0.03758858816580611 83.65591223257863 0.04066956157994197 0.9966193859889885 0.07138519957715478 1.890544102861489 -0.04056195331649177 -0.06973862699345902 0.9967403002054157 -0.5227078993649752
0.9983767257101849 -0.03798787782932048 0.04243626010619164 84.95182880241221 0.03488329868470938 0.9968199551725975 0.07164630436678206 1.9452525922391883 -0.04502300079009178 -0.07004968213894891 0.9965269417519287 -0.5741672607015431
0.9984654999762925 -0.035557176875576815 0.04245390445290653 86.07743949182283 0.03252050722550451 0.9970031436905971 0.07019407786776641 1.9707848540106176 -0.04482257829071027 -0.06870573872032247 0.9966295360602314 -0.603576591058897
0.9983750157589242 -0.04003696950201679 0.04055083790784154 87.42141055932663 0.036857442902050466 0.9964010294331567 0.07633202430246028 2.018355431185076 -0.04346099846789911 -0.07471338167938792 0.9962575100924297 -0.6441252456590262
0.9981753609380728 -0.041426700535698024 0.043929247346603806 88.66166294681176 0.03764338649603765 0.995779251172559 0.08370614597609524 2.0536802390119826 -0.04721150120750109 -0.08189976242640215 0.9955217111010675 -0.6833636228926441
0.9981254273340134 -0.04539134030042492 0.04105190627230045 89.9445885550452 0.04198881685738666 0.9958895509298029 0.08025585395842544 2.094689152460062 -0.04452608413261647 -0.07838168329546812 0.9959285686036666 -0.738931601054115
0.998098182765722 -0.04743570932576414 0.03936842026409709 91.13420177036272 0.04396208990786211 0.9954240026676666 0.0848436800878991 2.152816726744876 -0.0432128895329714 -0.08295160042311099 0.9956162174105141 -0.7690502469571847
0.9980696775089566 -0.04975335284788163 0.0371688605034851 92.46526651348854 0.04631265242783592 0.9950164082951437 0.08830371416522644 2.206503999785595 -0.041377030914129934 -0.08641186638804159 0.9953998718431859 -0.8017653854702299
0.9981409015505526 -0.04758640882844142 0.038082487054139615 93.75618663459453 0.04438190533754781 0.9957276016677103 0.08097438016139422 2.2615457424254863 -0.04177306243003564 -0.0791336631878961 0.9959883778493831 -0.8469431973750515
0.9983098116102572 -0.046563440729481875 0.03477596157823733 94.87942945914662 0.04388031716848655 0.9962705595756536 0.07429367654686915 2.30117503652177 -0.038105635038336326 -0.0726421220052727 0.9966298494899001 -0.8849676308248482
0.9983266852158109 -0.04354854884141706 0.03804411851238374 96.22194734996937 0.04031485930784144 0.9958179178848839 0.08198443160287927 2.3588163954126387 -0.04145531689703645 -0.08031349821420156 0.9959072109945426 -0.9277323304830042
0.9985282487842786 -0.041983340946085065 0.034332738550440986 97.56930494412451 0.039169955295436654 0.9961148714104607 0.07887292338894424 2.422939335407737 -0.03751069944291663 -0.07741202602037446 0.9962932800436269 -0.9707613295050705
0.9984966842816642 -0.04612526395115605 0.029611365681525895 98.87219364477306 0.04350679744950951 0.9955415279216465 0.08369160797812847 2.4772193014944106 -0.03333964108502983 -0.08227749294944323 0.9960516335469967 -1.004611699390957
0.998499389888021 -0.047348005621402164 0.027516108563737686 100.21567748292838 0.04488157737856702 0.9954352028741978 0.08422862564271222 2.5314111363851275 -0.03137855997794685 -0.08286726050286315 0.9960664522589975 -1.0268952832093086
0.998242703924348 -0.05224481495983333 0.027963991939369874 101.61119599079719 0.049673465003248256 0.9950681983800578 0.08585969912642855 2.604215066076321 -0.03231180255414667 -0.08431974531475592 0.9959147062731433 -1.0435613740620096
0.9982933606032021 -0.04936470182732279 0.031200863171242783 102.90373598152249 0.046625798870543675 0.9954473618446245 0.08313029028642056 2.679544742222852 -0.035162518183404344 -0.08153364728712102 0.9960501171529603 -1.066458075511839
0.9982136093362936 -0.04827861476949533 0.03519612145271238 104.2088741517494 0.04515079548035803 0.9953733597981469 0.0848135647080313 2.733092750564916 -0.03912796216662076 -0.08307291719987961 0.9957750083276614 -1.1007174937398378
0.9982281958044906 -0.0437548048122711 0.040323536927176405 105.48405665233098 0.040279094591293994 0.9957093706720969 0.0833096884013257 2.779057585573627 -0.043795721617632045 -0.0815378799920477 0.9957075288957887 -1.1416572932794262
0.9987031092522705 -0.036108101003330256 0.035892981003904034 106.88951628834309 0.0328287412063629 0.9955709492721742 0.08809551182070113 2.8256648970107494 -0.03891496991505587 -0.08680293556182267 0.9954651423830597 -1.1839002689318807
0.9987476167891378 -0.034335840835475466 0.03639023860465758 108.22309218157865 0.030895962815408885 0.995352697769531 0.09120584965597951 2.8708120331953038 -0.039352750793049084 -0.08996730876500071 0.9951669299991677 -1.2170355847660654
0.9986083115460684 -0.03684672318526854 0.03773275202239975 109.443780254803 0.03320763090887888 0.9951211451601861 0.0929043604538713 2.923355049654689 -0.040971879670323993 -0.09152204639826136 0.9949597953207555 -1.2542097299163242
0.9985984242499105 -0.034596938366146045 0.04005297011271555 110.7861505359247 0.030748962665586407 0.9951916992005359 0.09299485805238765 2.9808067277533374 -0.043077719681830405 -0.09163292660127655 0.9948606390016962 -1.2919264887920088
0.9984979848029054 -0.033992975895729735 0.04296805101298913 112.14512867210422 0.029838102513571448 0.9951352585328728 0.09389124213655603 3.03523882628607 -0.045950664083727034 -0.0924681260864241 0.9946547925454813 -1.325017273686446
0.9986659742487962 -0.028506168687067325 0.04305428780101365 113.55003975824307 0.024353819887822314 0.9952680664500557 0.09406608234896434 3.0685059438731637 -0.045532020205577846 -0.09289205452156261 0.9946345437134819 -1.3833018598403553
0.9986486368859109 -0.027368620797757256 0.04417986096748398 114.91102608531116 0.02338475128613752 0.9958194756240993 0.08829941031441077 3.104661487508962 -0.04641179784379713 -0.08714694605961075 0.9951137266758782 -1.4312220301240461
0.9985126763833333 -0.023640113397909092 0.04912821606665825 116.1822473099371 0.01901516428867751 0.9955252889516849 0.09256286010913001 3.1472580988918373 -0.051096576587064006 -0.09149100326617944 0.9944940977139054 -1.479037795428774
0.9987103282999015 -0.023342161460791034 0.045086861933460703 117.51363270912043 0.019455282564449523 0.996207900361639 0.08480195589864423 3.177758168711804 -0.046895347773773924 -0.083815407098283 0.9953772039259743 -1.5377478632159345
0.9989916635897393 -0.021625099011328884 0.03934479183475947 118.81480359252289 0.018382456342071137 0.9965455383409235 0.08098849176564518 3.215811944396869 -0.04096025994095624 -0.08018356988406358 0.995938163959782 -1.5815287983936113
0.9986800996878716 -0.027758529962225036 0.04321485827032301 119.9920064052893 0.02442532379313535 0.9968211929642694 0.07583517193054176 3.2361101173456546 -0.04518255830462652 -0.07467953607531413 0.9961834557560116 -1.6085121107193139
0.9985505819418291 -0.026505893975462724 0.046842014919950145 121.36677268379522 0.023113395896364602 0.9971700610973003 0.07153810640622299 3.2635187110819865 -0.048605635031577325 -0.07035173585599526 0.9963373423246716 -1.6635524779845714
0.998509295834028 -0.018287487746386184 0.05142718540348099 122.51521573603955 0.01482604753576647 0.9976494563467485 0.06690150261652111 3.2875670338611016 -0.052529762491148636 -0.06603930667666029 0.9964333435968782 -1.714029522897473
0.9981820615907938 -0.019006986480411322 0.0571953482098916 123.84061281584113 0.01528042278729476 0.9977747256394907 0.06490120215623439 3.3203091962510984 -0.05830164740864614 -0.06390924306289832 0.9962512237211706 -1.7586482937967807
0.9977686880790653 -0.023241344254947578 0.06258982728661569 125.11557318977151 0.01919031825667144 0.997729045911807 0.06456425571449617 3.3389084270004803 -0.06394824677363142 -0.06321907043953547 0.9959487662890619 -1.807600946918682
0.997867991179166 -0.01748254402123976 0.06287952216871256 126.35518913515365 0.01309138331898707 0.9974904552501715 0.06958065718606618 3.35369373512934 -0.06393816811912201 -0.06860912687582668 0.9955926238036681 -1.878888520621121
0.9982583001137467 -0.010795601537235022 0.057998471661126115 127.80335273141573 0.006586310560196525 0.9973624647264591 0.07228274313286222 3.3814647096013046 -0.05862583260057067 -0.07177484840007459 0.9956964181387823 -1.9582959089733274
0.9979775206732907 -0.01012731152775213 0.0627559341064716 129.0668869519477 0.005855320894558717 0.9976758822400732 0.06788674171410207 3.3832243076514086 -0.06329759016415071 -0.06738198230234214 0.9957173583631966 -2.0020388754951215
0.9978178878428414 -0.015933881364439562 0.0640747656966384 130.35528070371578 0.011241768960595153 0.9972734743720258 0.0729335343407197 3.408217852436085 -0.06506217646448229 -0.07205406751918661 0.9952763931456476 -2.0597283174162833
0.9977637845588353 -0.013335285886373989 0.06549505207817835 131.65523294657464 0.008137252134446923 0.9968414333856692 0.07900001455790454 3.4250051498988174 -0.06634166729363511 -0.07829039952464924 0.9947207501245443 -2.118998632794844
0.9977155266906113 -0.01265857817461442 0.06635879499085143 132.8902475256979 0.0073176409676296815 0.9967584506366073 0.08011930917090751 3.4449816732368177 -0.06715788410561568 -0.07945068463194588 0.994573969858118 -2.1852728503907217
0.9969821365433159 -0.011619175394686728 0.07675686060696496 134.18712192613222 0.00534494751962837 0.9966634005737957 0.08144665726433943 3.4567715327382724 -0.07744709414142457 -0.08079059664534625 0.9937176667988263 -2.2520577984504624
0.9973869735479433 -0.012298872622035875 0.07118963550030066 135.3633542943684 0.006389660331061958 0.9965584636240019 0.0826466049336996 3.4766443965323264 -0.07196109152254113 -0.08197576518975463 0.9940329720053573 -2.3347822090656316
0.9969090867589143 -0.008439443650503102 0.07810921841845413 136.63701301630542 0.0019509704348605007 0.9965663448540404 0.08277544627161233 3.491974497021617 -0.07853959440325739 -0.08236720136979057 0.9935024662550391 -2.410060063823267
0.9968649650506558 -0.009327396237521605 0.07856998541139862 138.0632093486761 0.002115437607738317 0.9958140869159103 0.09137773093267347 3.4986005627307306 -0.07909341195079489 -0.09092504387189655 0.9927118629230943 -2.5083508410405484
0.9969119810891172 -0.011170650315789671 0.0777285018899643 139.40701102308063 0.004085359968802342 0.9958678348168171 0.09072279701394957 3.511311006431903 -0.07842074491548759 -0.09012508964584241 0.9928381686803716 -2.597581468989964
0.9967207694151353 -0.014540196160672007 0.0796008290514233 140.86434380953958 0.006708384159776437 0.9951849448723175 0.09778539547545692 3.528522718943233 -0.08063936279728807 -0.09693073662901264 0.9920190016675937 -2.702878517508354
0.9965269917540889 -0.011069442436099591 0.08253134933626197 142.15055692820687 0.003082896710941553 0.9953499430367408 0.09627589070723197 3.5316464700788504 -0.08321329147460035 -0.09568708313072626 0.9919271669075618 -2.7983220288890074
0.9963886544593767 -0.015350468366621326 0.08351056136275319 143.37847243663845 0.007140011118152977 0.9951863675952618 0.09774034213478802 3.5332507694676014 -0.08460892936782445 -0.09679109660877791 0.9917019647524482 -2.8856108301761267
0.9966094225747457 -0.017593983032816278 0.08037482236270838 144.53792753803086 0.009388529955072573 0.9948066548939964 0.10134907681249039 3.5577826468386986 -0.08174053935375689 -0.10025083829911195 0.9915988240472289 -2.976221554247338
0.9960249496506945 -0.019061223155404764 0.08701132638177203 145.7780660794275 0.009471571829468126 0.993961361220782 0.10932137125948099 3.5675353369210963 -0.0885696924086623 -0.1080626737392517 0.9901908110744736 -3.082355820305056
0.9958258393103365 -0.01540570381296864 0.08996423470165571 147.06547317217192 0.005427538603044695 0.9939034638975641 0.11012041937797054 3.6014669569697717 -0.09111224389638937 -0.10917246911254402 0.9898383227605406 -3.1833945133773645
0.995118199605619 -0.022551953382479787 0.09607902833537325 148.26936543063127 0.01173165052513984 0.993669497276689 0.11172895347533 3.5994068205227814 -0.0979905024625735 -0.11005634381536748 0.9890831293771474 -3.2809986859285107
0.9954753546042551 -0.02750099814565394 0.0909533668980371 149.54465132487653 0.01758008429354412 0.9939811653156383 0.10813160555934648 3.6269977528389985 -0.09337965742817123 -0.10604337507534704 0.9899671794491934 -3.401840152399069
0.9947195416684611 -0.028356446322893965 0.09863542390230409 150.816723826857 0.01747851639097259 0.9938387964478137 0.10944865749188647 3.63767235718636 -0.10113128234429505 -0.10714671203821016 0.9890864573110706 -3.503466325434731
0.995417422230662 -0.02646850764820998 0.09188892803871722 152.02797437959052 0.01646757282106289 0.9940214406205677 0.10793634753334329 3.657832197796568 -0.09419647535682109 -0.10592852776266005 0.9899020887147134 -3.6125630469724417
0.9948218726470139 -0.02969105967951242 0.09720022711784111 153.149093220221 0.018309431456257224 0.9930853888003498 0.11595790511151492 3.660704702450015 -0.09997103485495136 -0.1135777736276652 0.9884866492437712 -3.703865545343834
0.9954383392613877 -0.03102871357272045 0.09022046960704941 154.46523805751582 0.020298659969944333 0.9928649729173611 0.11750391671802615 3.6729075782400367 -0.09322273621873764 -0.11513654322262196 0.9889656576807924 -3.8307772400058373
0.995604035335788 -0.028672795440197622 0.08916544789493051 155.52165453334524 0.017391563370680607 0.992027748682256 0.12481402106647688 3.6968803767212464 -0.09203336221439398 -0.12271461031586435 0.9881654511567913 -3.929070354987546
0.9957631894728325 -0.024642608539017907 0.08859127388659029 156.7979076881163 0.013434525231599643 0.9920718911752037 0.1249517377178123 3.7142873285165208 -0.09096804621995554 -0.1232321529695101 0.9881996889529912 -4.030065179380785
0.9962492503048914 -0.023926747683763443 0.0831561391947917 158.10256656284145 0.014020044108326447 0.992945933921447 0.11773644787792258 3.743765610436146 -0.08538659765529649 -0.11612898929791465 0.9895570529236112 -4.123206674705722
0.9958148672319505 -0.022400629730076983 0.08860566269191468 159.34706779359948 0.01118211010328209 0.9920765129430612 0.12513677863529596 3.7492330639446796 -0.09070673636231939 -0.12362226010508691 0.9881749839934081 -4.2135022909631035
0.9959382759129077 -0.027091553836952425 0.08586617352536968 160.74340167186386 0.015759091070120423 0.9913879315810687 0.13000646388121942 3.77378361788276 -0.08864876221439032 -0.12812523422452607 0.9877880822920129 -4.3245036310922575
0.9965229595291204 -0.02943514311552479 0.07794591044215472 162.07240651003636 0.018438657195370654 0.9902310653754146 0.138211843100177 3.8054028193434712 -0.08125274457851661 -0.1362940502238094 0.9873306931203009 -4.416339196608477
0.9969513907055063 -0.022845539113683113 0.07460567931817953 163.20209329200694 0.012351972448501003 0.9903278088348388 0.1381966725788418 3.822090843151303 -0.0770412538623246 -0.1368538308218805 0.9875908304546284 -4.499768788901363
0.9972899445449321 -0.02826280576673174 0.06792629677321685 164.4524201426614 0.018982161935315385 0.9908561364435862 0.13358089267255227 3.8459692315855696 -0.0710805565117405 -0.13192948649072817 0.9887073071873392 -4.5913070941130725
0.9969090873848618 -0.026463501998134624 0.0739726707983529 165.746130012899 0.016682183565219447 0.9913937266915309 0.12984700194852192 3.8722149588522647 -0.07677224562772814 -0.12821162411338602 0.9887708409681432 -4.665938959095982
0.9969018101640341 -0.021282647136890286 0.07572206611076597 167.0427906330948 0.011186863645081018 0.9912753022579956 0.13133236349792446 3.8942335523385094 -0.07785651173436703 -0.13007837197252767 0.988442185932439 -4.7325098664963345
0.9966238732109721 -0.018836983976684558 0.07991260760472473 168.40381079675078 0.007633676122754613 0.9903684415352281 0.13824665452292717 3.9122162795276956 -0.08174707191326967 -0.13716988251295925 0.9871685842703631 -4.814945081642489
0.9968581373639178 -0.02050944764936406 0.0765063265490018 169.9166887644145 0.010053388503823004 0.990845253298586 0.1346279090014298 3.934385852890453 -0.07856707194271068 -0.13343577213107044 0.9879382997573781 -4.909151311681101
0.9969037341935584 -0.022460042739001856 0.07535577419591276 171.29172490603776 0.011994312729546769 0.9905587909186072 0.13656309414647178 3.9640709542807486 -0.07771153492590577 -0.13523641105604287 0.9877611070848589 -5.006441111193402
0.9972098407499776 -0.029104540337278488 0.06874198656370066 172.56590047559436 0.019297833540252197 0.9900707825995838 0.13923900154104016 3.994206923854333 -0.0721119172302377 -0.13752392430350424 0.9878699387282258 -5.100892568703936
0.9969858023043079 -0.03786758564611224 0.06771526736662734 173.91121487750783 0.027702808650400673 0.9890143950042175 0.14520034901530443 4.030956088109314 -0.072469758475643 -0.14288677628598667 0.9870823053192906 -5.193276339998949
0.9966186990341823 -0.03828055210601016 0.07270329799559903 175.25072087361855 0.02748197150808518 0.9891799474586601 0.14411048981443494 4.069829921397617 -0.07743327102410703 -0.14162517188952745 0.9868872141390495 -5.295874962531547
0.9964430839881107 -0.04169537231053246 0.07323030638822428 176.5603378478161 0.030644574995360132 0.9888069064168368 0.14602010934307694 4.1067780064293045 -0.07849899290857612 -0.14325660936543452 0.9865674970273568 -5.371628481907313
0.9960186013039612 -0.040940756258802835 0.07918839439603674 177.99278719762737 0.02895386648061578 0.988713779654671 0.14699250329061936 4.1449576541355615 -0.08431263809205895 -0.14411445019798563 0.9859626658791167 -5.465012455647544
0.99585002334461 -0.04397738695787251 0.07967886742707696 179.32909094276778 0.031843058486967044 0.9885315739318813 0.14761912969801327 4.1919847321136325 -0.08525697688694434 -0.14446928776869572 0.9858295222750585 -5.5512771642682
0.9959781583787789 -0.03897860816596498 0.08067327693495956 180.72401199710782 0.02607581699395605 0.9875362620465065 0.15521676261975495 4.239611030240527 -0.08571791677777779 -0.15248887627945684 0.9845809035115762 -5.656512445943534
0.9959489649804798 -0.030254232117320225 0.08467787235675564 182.16629641314637 0.01661508572647389 0.9874008627831611 0.15736434026874319 4.275204269619509 -0.08837193844756917 -0.15531991409194285 0.9839035008510011 -5.764234619085642
0.9956314030468318 -0.023399872752926803 0.09039113173154081 183.5211867742651 0.008928417058460432 0.9875110692621226 0.15729663677413794 4.2886006589052155 -0.09294296118459121 -0.15580241381279514 0.9834059121348171 -5.879262735927362
0.9959613837334058 -0.019192869601537974 0.08770722514059386 184.84088325823575 0.005879661130033408 0.9887297612004938 0.1495959537830355 4.297869902482178 -0.08958991630407129 -0.14847609706152598 0.9848494655039274 -5.995275154164656
0.9964132177125536 -0.012180218850758828 0.08373973555025922 186.28018241635502 -0.0008394416825506167 0.9881152026471149 0.15371305124210566 4.3112069296476125 -0.08461676149244673 -0.1532320031081034 0.984560780807043 -6.113322774300799
0.9966790217270466 -0.006824369212163586 0.08114405158505376 187.75047904350868 -0.005332311293482308 0.9888737117223564 0.14866206378079413 4.2922227072347265 -0.08125574156264637 -0.14860103833776822 0.9855532507548271 -6.221351676557388
0.9970094037676709 -0.010749232276774514 0.07652910738965725 189.01357643406476 -0.0011261458618993915 0.9881532151184828 0.1534666600058427 4.281621714385369 -0.07727212974061101 -0.1530938786265117 0.9851858994615214 -6.31273774158267
0.9976373291923644 -0.008344298761989218 0.06819188774085193 190.2986957085986 -0.0024869436790095753 0.9875594972805786 0.1572263175454854 4.287392988059905 -0.0686554875707186 -0.1570244252272986 0.9852054243221711 -6.395963522805735
0.9975350282046873 -0.013361311866002479 0.06888645965251342 191.50038442855802 0.0020995777113017853 0.9869479476927897 0.16102608734385276 4.281684750027207 -0.0701388675085643 -0.16048452227767998 0.9845431588200118 -6.468944010795698
0.996856847195914 -0.013844348272880511 0.07800488249516883 192.84059437132728 0.0014225694009145939 0.9875821822558355 0.15709700848185124 4.291742719991668 -0.07921113514026255 -0.15649225356717206 0.9844977119570287 -6.534228820348239
0.9968825433451505 -0.01399520639964316 0.0776487633198326 194.22319688062416 0.0008504280640922635 0.9859913682932794 0.16679436114599358 4.301508150490704 -0.0788953292778881 -0.16620834418918543 0.9829294417939615 -6.629045042693504
0.9968459761875414 -0.014831234816970193 0.07796239930938098 195.5543712415174 0.0015845328575361237 0.9859057603709912 0.1672942958076177 4.295520145153075 -0.0793447569111486 -0.16664310353368939 0.9828196476468797 -6.71703629214654
0.9966704620441426 -0.019901560881998723 0.07906908015614747 196.87009583755213 0.006914336989229598 0.9868905225873524 0.16124313584803268 4.300040336050628 -0.08124151318815542 -0.16015955262302117 0.9837421961285682 -6.7970948356005225
0.996748250410232 -0.02010424696626661 0.07803041734877972 198.34092370462017 0.006697354908728796 0.9856943910547921 0.16840954060620983 4.310764752957245 -0.08029988901720098 -0.1673393094202518 0.982623761951615 -6.9085793753516915
0.9967512544278122 -0.02229500975358957 0.07739425566690313 199.59734496106827 0.008508538301334303 0.9846945854580865 0.17408112658283068 4.333396386712046 -0.08009084223261383 -0.17285706092911857 0.981685218225671 -6.983499260386573
0.9966693182483815 -0.022846654790437487 0.07828347144037974 200.9501149373689 0.009492619150052407 0.9859309503584028 0.16688352762898442 4.35347517575501 -0.08099482501678826 -0.16558456847052305 0.9828639596659835 -7.076914589130937
0.9962910679056289 -0.023298989052012626 0.08283276280663025 202.25926687228002 0.008481540689865518 0.9845466793762839 0.17491700913148606 4.371512609549358 -0.08562810811904485 -0.1735656959665681 0.9810926309421346 -7.1789461941138075
0.9964979401432839 -0.025217004795609902 0.07972427129108274 203.740032524083 0.010698376540812645 0.9840559463618119 0.17753731905206713 4.390779371730186 -0.08293009984955275 -0.17606264394174492 0.9808794615815701 -7.293425223784356
0.9966414226429855 -0.019447020381981272 0.07954677582399208 205.22261290139232 0.004426619586251695 0.9827664867912965 0.18479853345136926 4.420538517091882 -0.08176968350493104 -0.18382574111217248 0.9795518311806831 -7.392724089104016
0.9970743660523378 -0.02613739249469173 0.07182998502346266 206.84633355950461 0.012441342080648536 0.9826826634069499 0.18487849126791736 4.437576293633658 -0.07541832020441354 -0.18344393422029084 0.9801328349671241 -7.510058460290405
0.9970487275329198 -0.031176009580131548 0.07015620304155995 208.44715427199063 0.017945705151585886 0.9831614803213848 0.1818557553824501 4.469231111830927 -0.07464441075666986 -0.1800600382660824 0.9808193354373537 -7.614265772397784
0.9974301516499121 -0.03388833448576803 0.063124280898698 210.0036766674666 0.02231978052154363 0.9841927284527848 0.17568881906649422 4.502404072117045 -0.06808025754874869 -0.1738283969215998 0.9824198395600166 -7.7234145454582155
0.9975927885260706 -0.032837085274615554 0.061076636981825805 211.42826169197716 0.022138633755615887 0.9854974871929112 0.168239841056567 4.529867708738722 -0.06571537621669332 -0.16648269077796105 0.9838521114503919 -7.81002312350885
0.9972948661017249 -0.032031907055832164 0.06615820773776149 212.8183116559747 0.020152068787077322 0.9847171495078096 0.1729915896096138 4.579396571346732 -0.07068836998054362 -0.17119039113233267 0.9826988239225785 -7.8613076618023605
0.9976208010720317 -0.03164322854542011 0.061249039414376434 214.24019159903497 0.02054040536678847 0.984518519463884 0.1740730796730387 4.614215900969013 -0.06580904578124172 -0.17240083672701537 0.9828260757603826 -7.948899855687665
0.9974547405614062 -0.03377232886715785 0.06279706846685072 215.66022073124512 0.022743248069697995 0.985404558368161 0.16870287935105346 4.645116726599789 -0.06757800449690264 -0.1668452693265765 0.983664497487291 -8.013380098601244
0.9976278283173023 -0.036481076219212094 0.05837678235698502 217.12376221125066 0.026209630890022505 0.9854514640370529 0.1679241726574361 4.667697009204831 -0.06365353820607908 -0.1659957856847547 0.9840699164257153 -8.10565559870658
0.998127167077013 -0.037225295927732556 0.04854314739974223 218.5961462661882 0.02824992704897885 0.9843441249065231 0.1739788661607644 4.710290708385087 -0.05425957516126781 -0.17228168407663857 0.9835521816560636 -8.186930463145517
0.9976403176699133 -0.04265758565295483 0.053797104190642 220.07041578887763 0.03292129975218357 0.9848260049217918 0.17039362822375873 4.747207829043799 -0.06024936615606687 -0.1682204746075673 0.9839064284808607 -8.244656754057406
0.9980312033789421 -0.03924658885891563 0.0489226309440057 221.2936358693078 0.03081965549373639 0.9862356239282121 0.162448463880162 4.780470442340175 -0.054624787943671066 -0.16062084940739754 0.985503449757088 -8.305206410554474
0.9984007087192395 -0.03216298323729065 0.04649267481831737 222.75960289400098 0.024386969055949885 0.9869654174220445 0.15907419979380766 4.832803327729983 -0.051002961612588917 -0.15768597067067655 0.9861712867274923 -8.356701972224077
0.9984749984442569 -0.03077023635043148 0.04583526491952969 224.42147095384541 0.02290651043696195 0.9863347995912847 0.16315334928118444 4.8812538460923935 -0.0502291825745471 -0.16185460629391735 0.9855354330741743 -8.417139911316232
0.9983380474979477 -0.03255017255712472 0.047556604778418325 225.98847504106786 0.024143323117927152 0.9855387856812171 0.16772138311396695 4.91777422065284 -0.0523282370103192 -0.16629445556888683 0.9846866932500946 -8.478429603913327
0.9983019029991925 -0.03741439713788867 0.044648346313869026 227.39246920477126 0.02968597794359212 0.9862311853229438 0.16268636174209722 4.951504981785844 -0.05012040227146448 -0.16108466682201164 0.9856671089147465 -8.527811275296648
0.9983092750131384 -0.04126920952364927 0.040932202989810734 228.87631706442693 0.0341780613141868 0.9863760287589668 0.1609169055796827 4.996140500110341 -0.04701545607492072 -0.1592458482071822 0.9861187965575998 -8.587359784510104
0.9982732201700603 -0.038918259547075784 0.04399941407210698 230.18043201943777 0.031929716219745545 0.9882208191424091 0.14966685111433056 5.040336047463386 -0.04930590902382914 -0.14800351330735437 0.9877569850876177 -8.640465956271575
0.9983203891759662 -0.03451042067224391 0.04653421208246614 231.74968240694983 0.02696169051843129 0.9876928305386833 0.1540649221390737 5.084810927739609 -0.05127835149031052 -0.15255150450601845 0.986964307027743 -8.703867259085557
0.9983370428221796 -0.03236447419533903 0.047704205398355626 233.1354261348327 0.02448453914998102 0.9872351234444936 0.15737655119805838 5.126853966367826 -0.052188674965319176 -0.15594681760357273 0.9863857797484961 -8.760406891316238
0.9986838286188323 -0.029214496860400556 0.042155961642312084 234.57952311072108 0.022153702697727186 0.9870016764391735 0.1591758921755685 5.1625478698970095 -0.046258247207265915 -0.15803247104751617 0.9863497791682693 -8.827940046118083
0.9988942885089612 -0.027096178077673554 0.03841873229718266 236.06211014410783 0.02060426297896037 0.986853491494394 0.16029881833396056 5.1851528201039185 -0.04225714440261563 -0.15932997663688603 0.986320569843898 -8.878590991664696
0.998909574681929 -0.025220624803287253 0.039288460988731295 237.49664711353165 0.018997727310536984 0.9882900053249647 0.15140017245255058 5.208986746806754 -0.0426467992176528 -0.15048868300334317 0.9876914401824968 -8.901362786736511
0.9988974556772852 -0.0319481355953495 0.03439754565358857 238.79966207912048 0.02635995366380438 0.9880040318682286 0.15216190831417936 5.238279908155769 -0.038846202185670725 -0.1510874179250665 0.9877568217561711 -8.932168993375662
0.9989205985619847 -0.028213246469570345 0.0369005686375833 240.12379758543486 0.02227391741821383 0.9880563743063389 0.15247470046635564 5.26170251293251 -0.040761647395989586 -0.15148819139101485 0.9876182411114177 -8.96853279932203
0.9991196937631996 -0.020539569386969023 0.03657820522512774 241.5891688585005 0.014818958350003738 0.9885280535180021 0.15030883662704872 5.288748701607531 -0.03924585989774459 -0.14963446056250862 0.9879621778683734 -9.002100124603466
0.9988492752385475 -0.021960360635496595 0.04263647956563677 243.00365925818608 0.015298020608670167 0.9884571196127222 0.15072675190298246 5.306859105560178 -0.04545434444405768 -0.14990104578298066 0.9876555843256776 -9.037756087526299
0.9986406675806061 -0.024224068315981746 0.046152064330296005 244.46321246097816 0.016885788084319803 0.9880469693157061 0.15322570630826116 5.3254547437162385 -0.0493121559288712 -0.15223810018483439 0.9871128842919258 -9.08561363615161
0.998639688407973 -0.02430481304406768 0.04613079527694085 245.95015047457073 0.016593640158135945 0.9868597525005574 0.16072504623638093 5.371891944706726 -0.049431016067226066 -0.1597409244720585 0.9859205778888782 -9.131565756057798
0.9986640067208835 -0.03166363796930615 0.040836468803061785 247.3321538667141 0.024604978651189827 0.9863120543714475 0.16304351233334824 5.413812142903977 -0.04544005101233491 -0.16182089895279567 0.9857733880722644 -9.175629420637927
0.9985754596389573 -0.02408733786729557 0.04761148007440233 248.84668648907368 0.015861354304685545 0.9859727626753235 0.1661511034837166 5.462707443206412 -0.05094575890200926 -0.16515922393571503 0.9849502193533523 -9.24386259501231
0.9989643694179866 -0.021312963906396653 0.04019885168026838 250.23284930493728 0.014356544775185913 0.9860199277967306 0.1660079880508572 5.4855028017916485 -0.04317499002261416 -0.16525894044480693 0.9853047127893854 -9.301808570035256
0.9990297984318854 -0.02447307340412563 0.036613276237803756 251.61284431356435 0.017761461087122746 0.9846678670602925 0.17353323187744218 5.498781195299279 -0.040298807198365524 -0.17271455601114868 0.9841471752159974 -9.352229672706482
0.999082253818484 -0.026178681011721366 0.03390174389361026 253.01796265547614 0.0198542080107458 0.984365167286962 0.1750173944018796 5.538806571609039 -0.03795341949742093 -0.17418367214418448 0.9839814838258829 -9.396549238896103
0.9991367348649083 -0.020213016864946507 0.03629353201702073 254.59409850425428 0.013376087833633605 0.9836504035000444 0.17959127054317683 5.58103808209254 -0.03933022789670638 -0.1789507615480106 0.9830715804662175 -9.441315964455478
0.9993452369634571 -0.018502975836923678 0.03109242218279592 255.93701913783133 0.012455332771954958 0.9827528738808418 0.18450396757612506 5.61457808457964 -0.03397003904946192 -0.18399588587317453 0.9823398213622871 -9.469336551682106
0.9990966119257821 -0.02303335905456213 0.03571310519472749 257.4223790476189 0.01626002657715096 0.9836221725403516 0.17950792102176077 5.634897264605081 -0.039262871621926855 -0.1787650510321767 0.9831080600050179 -9.535374997130663
0.9991934417823849 -0.021491904082371387 0.0339199857244831 258.8485665610099 0.015106979852491655 0.9838491992460039 0.17836084993512227 5.665045205674188 -0.03720546426767915 -0.17770455439773242 0.9833803023145707 -9.591555854613905
0.999282747677485 -0.0176932448771831 0.033480453303603414 260.267207744802 0.011365549922932379 0.9835050889580476 0.18052319727785113 5.696748420779286 -0.03612223658605994 -0.18001318414679926 0.9830007180886075 -9.631760593125858
0.9990142491302699 -0.01484084837341635 0.04183635653116938 261.6823484851432 0.006839544463686599 0.9826649751098412 0.18526421081998048 5.706481119697031 -0.04386059922086798 -0.1847954359504922 0.9817977739296523 -9.687664379685984
0.99834158991173 -0.01227058661992802 0.056245035603903815 263.17772523986224 0.0015504655396079872 0.9823963888896886 0.18680201187341552 5.716091955682408 -0.05754708845045203 -0.18640500258283552 0.9807861549942146 -9.72097126957827
0.998654649082457 -0.00609877552088075 0.051494643184540764 264.69132090820995 -0.003626062407123748 0.982415241688952 0.18667406101411946 5.736215622878663 -0.05172760409592786 -0.1866096327207633 0.9810713909577038 -9.789012706627336
0.9987825309347691 0.003247169972926635 0.04922309681711134 266.264964675782 -0.012480391170447984 0.9820020438986807 0.1884576506854833 5.736666152397938 -0.04772522641202547 -0.18884252377486146 0.9808469698090669 -9.855869271070755
0.9986531180616007 0.003403154027225917 0.051772287974092654 267.9057095058563 -0.01366972516716915 0.9798490221460352 0.19927140512416283 5.721432019864452 -0.05005087311467286 -0.19971071348688962 0.9785757585513669 -9.89938044134852
0.998419542215273 0.0004926148519376186 0.05619765588363428 269.33876274244506 -0.011850421257447018 0.9793236310680535 0.20195260244559735 5.718388818184201 -0.05493620600399599 -0.20229938113444698 0.9777816463136711 -9.966397306993187
0.9981951693146144 0.009891932897433245 0.05923305744332321 270.78204627837914 -0.021544475810415086 0.979668614848642 0.199462530640326 5.688379663295307 -0.05605569576627571 -0.20037867016523908 0.9781135525696063 -10.03089034012831
0.9981145186761403 0.0018196582419883443 0.06135224466425013 272.2274984771253 -0.01487911326435977 0.9769198398277454 0.21308753841143283 5.66929806514763 -0.05954847677255599 -0.21359862269764002 0.9751049079463739 -10.087993824699296
0.9984821056432035 -0.004322452336442619 0.054907218010718045 273.6381355045109 -0.00799541860222824 0.9749799632994187 0.2221490601665575 5.6595674968199 -0.054493664579438494 -0.22225085703361147 0.9734654443142271 -10.163500725415679
0.998165198956081 0.0014446726542976436 0.0605322227202317 275.17862959183987 -0.015065818739872328 0.9742002280908079 0.22518214223237298 5.658935366280639 -0.05864518897521661 -0.22568093463268163 0.9724344871294658 -10.220281002293797
0.9985209505896707 -0.0015940363927609029 0.054344933112862565 276.6736086533123 -0.010805607590863566 0.9738107495169912 0.2271033321124848 5.653183185309461 -0.053283689533040246 -0.22735465434364655 0.9723531682384721 -10.302070765078344
0.9988314821839481 -0.0035360860449853483 0.04819925069191806 278.25810389884015 -0.007925131438809963 0.971834832247701 0.23552985290320633 5.650596758953766 -0.04767456329043723 -0.23563660636622646 0.9706711595389249 -10.363096814107205
0.9987725588234062 -0.0050706056388181925 0.04927135246127782 279.8739464365349 -0.0068316341603294846 0.9711370180605468 0.2384245822351676 5.651315530554303 -0.04905819002831611 -0.23846852271038463 0.9699103215621737 -10.430744896920391
0.9986993641467601 -0.0004113424256109037 0.05098443217128263 281.4360945593792 -0.011264807088475347 0.9734758004545863 0.22851264852827624 5.648359637451426 -0.049726106532046684 -0.22878975577473185 0.9722049867116856 -10.484230866371597
0.9988510223001875 0.0017330786926385774 0.047891890353979595 282.9495915523668 -0.012787611545006175 0.9727504231616333 0.2315019475440381 5.629906166485931 -0.046185644338176624 -0.23184836892414176 0.9716548740626217 -10.532369734094027
0.9984135154725577 0.003833044100807271 0.05617616370145147 284.48302342426507 -0.01669190276180225 0.9729825847453938 0.23027446808365093 5.625874368626007 -0.053775775260448945 -0.23084681737582727 0.971502901234966 -10.579403309549061
0.9982522196538784 0.007085425283736052 0.05867115286250729 286.0979337834362 -0.020737269031683898 0.971655698846532 0.2354893395867644 5.6072867723393935 -0.05533961634299878 -0.2362944243041895 0.9701043480528929 -10.643220671558119
0.9986480052228729 0.009666404596592041 0.05107566700606399 287.71627027656876 -0.02170853978951211 0.9703291912431979 0.24081125473775933 5.562697306752367 -0.0472324304223166 -0.24159444597478252 0.9692271123920884 -10.713277781788591
0.9987783255726257 0.003978344953316089 0.04925475217009345 289.1969805996834 -0.01609764873135462 0.9685770595733619 0.24819227598857185 5.536616158705289 -0.046719627340324095 -0.24868193986254689 0.9674577734520245 -10.76830941981848
0.9987270045936005 -0.00015591030386047507 0.05044152516562217 290.52139603554934 -0.012360378282116025 0.9687512913595377 0.24772609274114907 5.522860392748693 -0.048903914395949474 -0.24803420325186637 0.9675161060051313 -10.826583543947823
0.9989965912944281 -0.003819862599289117 0.044623096098308536 292.13640906812094 -0.007439957450142044 0.96835766337439 0.24945569407026327 5.506677847676048 -0.04416400245380408 -0.24953737027936634 0.9673575429626242 -10.887022057748094
0.998791063025328 0.002065102408722201 0.04911363605292979 293.68503108229135 -0.01435724078797704 0.9678080535353656 0.25127972786495933 5.4957121635190225 -0.04701365292692888 -0.25168107100898196 0.9666676415084994 -10.931307667137084
0.9988075313252471 0.0014107818820738988 0.04880088663139141 295.3256497999249 -0.013750091843969997 0.9672479195812561 0.25346095858506335 5.46406675462026 -0.04684497673446328 -0.253829719109778 0.9661138628840625 -10.985690463604785
0.9988296184264749 -0.005919885965286865 0.04800364337989337 296.9974531492414 -0.006457380227615083 0.9672753173889312 0.2536470443304694 5.447069802372157 -0.047934299705193785 -0.2536601463873305 0.9661049669947345 -11.051502766340658
0.9990596132759818 0.0015593608359313095 0.043329654835834654 298.57931140520503 -0.012773671762343865 0.9655846934171285 0.2597750827833625 5.436224117622057 -0.04143336742189404 -0.26008426036457827 0.9646965469929177 -11.108463897423247
0.9990623747463115 0.0018008385247422856 0.04325655812049593 300.12659207827136 -0.01310673982502862 0.964829785836824 0.2625485825901035 5.41482853815801 -0.04126240714466426 -0.2628693505721982 0.9639486980600913 -11.159939131521499
0.9985836227555221 0.008409140852031264 0.05253604655996941 301.62298077251137 -0.022019460338863144 0.9642164660016143 0.26420032275640426 5.395756023020524 -0.04843442215581248 -0.2649829184485925 0.9630358943914112 -11.20404494183001
0.9982049674295834 0.014063894312188905 0.058215559339779635 303.2724436900839 -0.029232382417166466 0.9627959484784371 0.2686437974317821 5.36828392751556 -0.05227152526429201 -0.26986333997426337 0.9614787775036149 -11.268442935338184
0.9981047218076278 0.02157005325517772 0.05763417893446997 304.85841575492134 -0.036467533155417356 0.9617155783494601 0.27161245529682043 5.321517276518041 -0.0495689912935629 -0.27319943774093564 0.9606794244312414 -11.345871494089844
0.9973690015397793 0.02338041485282088 0.0686180183509956 306.48429572330025 -0.040971400645030916 0.9626851865876485 0.2675044604127834 5.275705626871364 -0.0598031827863614 -0.2696120203450674 0.961110249669328 -11.408224819217368
0.9964939234157961 0.03005333853363373 0.07808110470491714 308.00416870575657 -0.04978772725313179 0.9630353211136721 0.2647342308604984 5.219216236617352 -0.06723871220713724 -0.26769352064123025 0.9611550909155062 -11.47790786786144
0.9957732484190386 0.03747476492615686 0.08385273519861437 309.54886437512965 -0.058859193772423074 0.9612330201257997 0.2693821390054283 5.133985897354417 -0.07050698335556643 -0.27317901930378546 0.9593758194345352 -11.568574165017388
0.9958319585786204 0.03671234332292015 0.08349200916718293 311.0579172163364 -0.057749644004176356 0.9623398913494228 0.2656444477526635 5.052878818170144 -0.07059525864740111 -0.2693588519546576 0.9604489015744365 -11.652111747004438
0.9959104908441329 0.04443291564004517 0.07866391617436047 312.65177175402255 -0.06395249739809285 0.9617300864349798 0.26643081542711716 4.960824963013407 -0.06381515504295973 -0.27037198548198876 0.9606386363553864 -11.768367594136832
0.9957981350164032 0.04419383342084171 0.08020586548992402 314.26427257706627 -0.0646234084010882 0.959686911824422 0.27354141705850643 4.860824791313352 -0.06488367358365316 -0.2775751964631674 0.9585103512305383 -11.850607496605436
0.9962590550542954 0.046181458837322754 0.07304224500617974 315.78553214852 -0.06423238838316088 0.9611654994581535 0.26839363520918014 4.763693281331299 -0.057810874637322464 -0.2720812545921152 0.9605361356443672 -11.927407199895656
0.9966811353550304 0.04135510353886476 0.07011755352449789 317.15312767417475 -0.058570581826465094 0.9625050596092616 0.2648651688273235 4.675767475373374 -0.05653497195698045 -0.26809293060530276 0.9617327860225259 -11.974197313445513
0.9964818824583094 0.031719533606486626 0.07757403298588138 318.5826714666676 -0.05162562052868511 0.9614693953662663 0.2700212168810077 4.608420283068363 -0.0660201095088566 -0.27307604538145325 0.959724331662291 -12.050947084806971
0.995925361203025 0.027390304122601867 0.08592117100144313 320.09981834268285 -0.05040073192512234 0.9591280794989665 0.27844775780185793 4.543349198163436 -0.07478263655768022 -0.28164366058397167 0.9566004285634145 -12.14491977691528
0.9949473181257719 0.034726032535755326 0.09420158327875125 321.52294531011717 -0.05995585671949606 0.9581100961038016 0.28005427951709894 4.459216093868125 -0.08053031133574101 -0.2842871777686134 0.9553510578409862 -12.239884071763823
0.994387604668671 0.04127544122702709 0.09741473762414404 322.9962486561515 -0.06745822083364114 0.9566711205310644 0.28324868238112555 4.387292485122668 -0.08150264916932148 -0.28823039031885994 0.9540862301073137 -12.339378213772047
0.9939721544244584 0.03998305135844651 0.10208189509620354 324.62481736638046 -0.0676861720033948 0.9562812167728568 0.28450813178852663 4.294376480550838 -0.08624349271214055 -0.28970267998688765 0.9532231592751992 -12.451372015703416
0.9937664704396921 0.044604498170168434 0.10216967478850109 326.0206901399753 -0.07152503097675304 0.9580811289608289 0.2774252705860887 4.2063065700151485 -0.08551241953188925 -0.28300360798351026 0.9552991982512514 -12.563938512812095
0.9934554750567534 0.047072035793633685 0.10406941913726359 327.47370966815794 -0.07480407087302368 0.9566804422788506 0.2813662076881525 4.1099800175939585 -0.08631669483472362 -0.28730960241110926 0.9539405614400435 -12.686104858134602
0.9931791757834784 0.04539389532282995 0.10739888514800666 328.96812706782777 -0.07499472769213324 0.953992966042591 0.29029859118929385 4.010921852120821 -0.08927999410729673 -0.296372851960127 0.9508902089508481 -12.802136408913652
0.9925656219029576 0.04616394808751196 0.11261606273943782 330.5122371987308 -0.07720790741581378 0.9540946853046858 0.28938267223983866 3.881863419205466 -0.09408733704731195 -0.2959261288908893 0.9505657649275847 -12.91800800506891
0.9921847025516756 0.05014741994963645 0.11425740137252557 332.02929831418777 -0.08220476115422849 0.9515821864266897 0.296198886233259 3.764101806624418 -0.09387169465638895 -0.30327649221191233 0.9482676038014488 -13.05102957742153
0.9910614755420742 0.06100344504949792 0.11864119378202459 333.5583276337458 -0.09355170929208188 0.9518097723222483 0.2920724148002446 3.6297794220579305 -0.09510642086819301 -0.30056079096442884 0.9490089324394395 -13.179535412345743
0.9904324541059365 0.06677152947133977 0.12076886262325531 335.2245173025514 -0.0998983881607635 0.9506770151411366 0.2936555557316549 3.464965218064379 -0.09520434798008712 -0.30291059346045024 0.9482516958595381 -13.327087861455396
0.9897768328836999 0.07329796807905156 0.12234880643373443 336.6269863066969 -0.10652016087380296 0.9503511336626969 0.2923802978319369 3.3341906898232945 -0.09484344191300835 -0.302423845776057 0.94844320506685 -13.448345301982027
0.9901452658047518 0.06675716929483108 0.12310903470397022 338.0758772203118 -0.10045970993527692 0.9510460519840186 0.2922658279241303 3.1915238034012376 -0.09757151869466242 -0.3017531098620754 0.9483801103110233 -13.561437269708385
0.9904245176056 0.0626730826050579 0.12300959765830805 339.803639187907 -0.09604670710441791 0.9528445942679127 0.2878580721738774 3.026277266123079 -0.09916807399233599 -0.296916345346111 0.9497401492894385 -13.721435520838277
0.9907361418341489 0.05391960479844406 0.12463777499429873 341.3238596934785 -0.08872141208939084 0.951844966786207 0.2934616341661632 2.8949684966366886 -0.10281249985304834 -0.3018010726635021 0.9478109920329538 -13.863390200724842
0.9904883025339661 0.04951921875459719 0.128377455150354 342.67732119071064 -0.0856795759043189 0.9520081250577428 0.29383600967843143 2.76278040949467 -0.10766584691161944 -0.3020404424045719 0.9471956560110587 -13.995202350347672
0.9900882717038177 0.05302744550824662 0.13005116581938522 344.1464246288024 -0.089426290720624 0.9520375511607415 0.29262176985770344 2.6443093979125503 -0.1082966046270491 -0.30135136181947686 0.9473432199372964 -14.137998637855006
0.9900274496616842 0.05632874310404263 0.12912289917076739 345.4873789618967 -0.09091140629722744 0.9556393836542529 0.28015807163247286 2.5211961636832814 -0.10761397191517731 -0.28910291212163247 0.951230105419712 -14.28059783683845
0.9893290053179729 0.05654480569819337 0.13427883548299077 347.090859090316 -0.09340288487624292 0.9534680845379677 0.2866610774959518 2.3818391773647662 -0.11182138513195422 -0.2961441355797262 0.9485750381463098 -14.444041558183862
0.9884234853559505 0.053979396373229925 0.14179294706557596 348.644868400998 -0.09328996998649389 0.9532507033421237 0.28741979501160236 2.2516964543467166 -0.11964947513268372 -0.29732032157345556 0.9472510774263051 -14.603716763276873
0.9895210037059741 0.05457990600719874 0.13367579645744146 350.10076615677167 -0.09099836863661272 0.9545355284683584 0.28386842424608044 2.112991627548841 -0.11210478108525139 -0.2930580339225076 0.9494995950587171 -14.76096937054762
0.9907112732428467 0.05130159903482947 0.1259337940331011 351.53667578887683 -0.0862777027285979 0.9529684123833975 0.2905295570130314 1.9788417992279277 -0.10510629321194712 -0.2986961719774858 0.9485426918060177 -14.912987428932555
0.9900529376310399 0.050902493343906674 0.13116447054399452 353.0096173280677 -0.08732375791557465 0.9532822738897654 0.28918424590199643 1.8570905358650347 -0.11031656164164519 -0.2977614728745803 0.9482448711722575 -15.052258002918261
0.9897224602249652 0.05360934656718554 0.13257258826939283 354.4611719521761 -0.08912696498925009 0.9562338323003089 0.278699304920044 1.7382378318703608 -0.11182950250818109 -0.28765074083505054 0.9511840977808581 -15.206299500524963
0.9897997371976238 0.054971244816341774 0.13143303983557902 355.92934918901807 -0.09030072351132572 0.9556420044312045 0.28034656977906236 1.6160896190130474 -0.11019192978391211 -0.2893554462822039 0.950858106408464 -15.35547354610068
0.9886339063900308 0.06060394911133609 0.13758692511159162 357.1816152999856 -0.09781858869493071 0.9542517551150389 0.2825511848363861 1.5079501401534918 -0.11416884303956694 -0.29279822691216967 0.949333791561989 -15.491291800563033
0.9889924534986293 0.06419412574174937 0.13331557529628107 358.69532822299556 -0.10112148089428358 0.9509820654879465 0.2922458172649735 1.3571536277666512 -0.1080202525867622 -0.30250996227623783 0.9470054498048504 -15.637836925896202
0.9874898832027111 0.06641117787075741 0.14301499047190422 360.1857538673925 -0.10722146317916771 0.9478298492619835 0.30020358953312015 1.2223289456652984 -0.11561699872026109 -0.3117822697319446 0.9430930495412856 -15.79614468898017
0.9870477294493791 0.06439446105296948 0.14693581812508272 361.67273391159364 -0.105794891057547 0.9497979855396042 0.2944338434655188 1.0783126189761585 -0.12059943101398911 -0.30616530141180537 0.9443085087278871 -15.946533356088764
0.9871254016118992 0.06268908853839061 0.1471513545446896 363.22449150037954 -0.10514390276773014 0.9476092970344688 0.30163129872653455 0.9119112088931434 -0.12053299606930358 -0.313219970174395 0.9420005421165499 -16.124380570448743
0.9871760417885405 0.0600984377456611 0.14789064126172818 364.7611173562702 -0.10217085550214612 0.9496861559162231 0.2960698938323056 0.7729481035279608 -0.12265635204089063 -0.307383205042756 0.9436476878406631 -16.28913277377797
0.9871344903475684 0.058040596009154025 0.14898586729858967 366.4302599014235 -0.10079317490399145 0.9492181029500417 0.2980365571730143 0.6053237492089976 -0.12412185837517735 -0.30921890928702417 0.942855982967813 -16.47215040326087
0.9865138758878034 0.06325690770975914 0.15096005359494027 367.8993274889184 -0.10621133039694083 0.9491522475788985 0.2963599579870452 0.45557510989389455 -0.12453725510099843 -0.3083968647176103 0.9430704216174008 -16.65282632361431
0.9857425004542779 0.06808654674123991 0.1538699009701563 369.4036936096404 -0.11056849739857953 0.951425869119947 0.2873386215586409 0.2964240573905424 -0.12683190512468664 -0.3002550411737081 0.9453891010042282 -16.818993558850178
0.9852914969102217 0.0641182411354675 0.158396713171939 371.0781560095861 -0.10976105529933153 0.9479034379537908 0.29905123899058966 0.11409097047162839 -0.13097014469028567 -0.312038418930265 0.9409988419316315 -17.007234065201278
0.9847402055998189 0.07102338590231685 0.15887859391296816 372.63053567375147 -0.11604225740272807 0.9483291326285388 0.295306808576653 -0.036092895656548996 -0.1296955049614819 -0.30923710383048836 0.9420994978306079 -17.200340246413603
0.984085866409862 0.07226604968951465 0.16233492251573226 374.2369008923232 -0.11823540153508905 0.9482744910528969 0.2946115067831725 -0.22483720890697836 -0.13264765133993614 -0.3091167404072734 0.9417278882986033 -17.40398494609598